Each iteration below conducted with 5000 hands of learning

Iteration 0:
static double[] dealProbabilities = {0.0192, 0.0192, 0.0192, ...};
static double[] nonDealProbabilities = {0.0192, 0.0192, 0.0192, ...};

Iteration 1:
static double[] dealProbabilities = {0.0172, 0.0217, 0.0184, 0.0182, 0.0183, 0.021, 0.0212, 0.0229, 0.0197, 0.0152, 0.0162, 0.0187, 0.0176, 0.015, 0.018, 0.0209, 0.0148, 0.0168, 0.0194, 0.0246, 0.0235, 0.0211, 0.0164, 0.0165, 0.0186, 0.0172, 0.0168, 0.0208, 0.0214, 0.0166, 0.0171, 0.0214, 0.0231, 0.0224, 0.0199, 0.0192, 0.0179, 0.0195, 0.0178, 0.0184, 0.0217, 0.0184, 0.0184, 0.016, 0.0199, 0.0254, 0.0217, 0.0219, 0.018, 0.0203, 0.0186, 0.0183};
static double[] nonDealProbabilities = {0.021, 0.0251, 0.0163, 0.0165, 0.0013, 0.0154, 0.0215, 0.0229, 0.0225, 0.02, 0.0132, 0.0247, 0.0312, 0.0177, 0.0207, 0.0186, 0.0124, 0.0013, 0.0156, 0.0237, 0.0259, 0.0213, 0.022, 0.0159, 0.0212, 0.0289, 0.0186, 0.0218, 0.0177, 0.0139, 0.001, 0.0167, 0.0231, 0.024, 0.021, 0.0222, 0.0175, 0.0225, 0.029, 0.0192, 0.0226, 0.0153, 0.0146, 0.0016, 0.0153, 0.0245, 0.0212, 0.0224, 0.026, 0.0163, 0.023, 0.0322};

Iteration 2:
static double[] dealProbabilities = {0.0153, 0.0227, 0.0208, 0.0153, 0.0122, 0.0212, 0.0265, 0.0248, 0.0215, 0.0145, 0.017, 0.0167, 0.0159, 0.0185, 0.0205, 0.0211, 0.0134, 0.0169, 0.0191, 0.0267, 0.0231, 0.0212, 0.0146, 0.0169, 0.0187, 0.0164, 0.0205, 0.0213, 0.0212, 0.0147, 0.0165, 0.0194, 0.0254, 0.0262, 0.0178, 0.0154, 0.0156, 0.0162, 0.019, 0.0214, 0.0207, 0.0195, 0.0176, 0.0146, 0.0203, 0.0254, 0.0263, 0.0224, 0.0176, 0.0185, 0.0183, 0.0167};
static double[] nonDealProbabilities = {0.0169, 0.0228, 0.0188, 0.0155, 0.0011, 0.0161, 0.0214, 0.0203, 0.0221, 0.0228, 0.0154, 0.0236, 0.0285, 0.0223, 0.021, 0.016, 0.0163, 0.0022, 0.0156, 0.0216, 0.0182, 0.0215, 0.0238, 0.0163, 0.0241, 0.0317, 0.0212, 0.0215, 0.0179, 0.0153, 0.0015, 0.0147, 0.0226, 0.022, 0.0192, 0.0259, 0.015, 0.0212, 0.0292, 0.0224, 0.0202, 0.0187, 0.0169, 0.0024, 0.0136, 0.021, 0.0212, 0.0227, 0.026, 0.018, 0.0232, 0.0306};

Iteration 3:
static double[] dealProbabilities = {0.0195, 0.021, 0.0206, 0.0175, 0.0168, 0.0184, 0.0216, 0.0232, 0.0199, 0.0157, 0.0144, 0.0164, 0.0194, 0.017, 0.0199, 0.0198, 0.0177, 0.015, 0.0196, 0.022, 0.0262, 0.0206, 0.0187, 0.0171, 0.0187, 0.0167, 0.0183, 0.0226, 0.0217, 0.0162, 0.016, 0.0192, 0.0237, 0.0237, 0.021, 0.016, 0.0155, 0.02, 0.0185, 0.0202, 0.0213, 0.0206, 0.0153, 0.0182, 0.0198, 0.025, 0.0256, 0.0203, 0.0163, 0.0159, 0.0176, 0.0181};
static double[] nonDealProbabilities = {0.0211, 0.0219, 0.0175, 0.016, 0.0023, 0.0141, 0.0204, 0.0219, 0.0203, 0.0239, 0.0157, 0.0197, 0.0338, 0.018, 0.0202, 0.0155, 0.0176, 0.0015, 0.0146, 0.0183, 0.0195, 0.0216, 0.0274, 0.0181, 0.0237, 0.0305, 0.0195, 0.0241, 0.0174, 0.0148, 0.0013, 0.0148, 0.0186, 0.021, 0.0237, 0.0242, 0.0154, 0.0248, 0.0303, 0.0222, 0.0226, 0.0183, 0.0151, 0.0013, 0.0165, 0.0195, 0.0204, 0.0221, 0.0251, 0.0173, 0.0231, 0.0315};

Iteration 4:
static double[] dealProbabilities = {0.0192, 0.0201, 0.0203, 0.015, 0.0164, 0.0187, 0.0256, 0.0215, 0.0195, 0.0168, 0.0178, 0.0174, 0.0188, 0.0179, 0.0245, 0.0195, 0.0162, 0.0165, 0.0189, 0.0244, 0.0237, 0.0215, 0.0152, 0.0159, 0.0154, 0.0195, 0.0192, 0.0207, 0.0222, 0.0154, 0.0157, 0.0216, 0.0225, 0.0259, 0.0204, 0.0168, 0.016, 0.0174, 0.0195, 0.0178, 0.0225, 0.0216, 0.0156, 0.0157, 0.0184, 0.0223, 0.0233, 0.0225, 0.017, 0.0181, 0.0175, 0.0182};
static double[] nonDealProbabilities = {0.0223, 0.0202, 0.0163, 0.0136, 0.0014, 0.0158, 0.0225, 0.0196, 0.0221, 0.0268, 0.0186, 0.0223, 0.0323, 0.018, 0.0225, 0.0164, 0.0152, 0.0016, 0.0151, 0.0202, 0.0234, 0.0224, 0.0228, 0.0157, 0.0218, 0.0314, 0.0224, 0.0226, 0.0174, 0.0148, 0.0021, 0.0178, 0.02, 0.022, 0.0201, 0.0241, 0.0135, 0.0223, 0.0321, 0.018, 0.0212, 0.0178, 0.0131, 0.0017, 0.0146, 0.0209, 0.0198, 0.0234, 0.0255, 0.018, 0.0224, 0.0321};

Iteration 5:
static double[] dealProbabilities = {0.0196, 0.0196, 0.0209, 0.013, 0.0155, 0.0179, 0.0233, 0.0266, 0.0207, 0.0146, 0.0172, 0.0192, 0.0177, 0.0172, 0.0208, 0.0189, 0.0183, 0.0167, 0.0189, 0.0237, 0.0252, 0.0203, 0.0184, 0.017, 0.0183, 0.0171, 0.0199, 0.0204, 0.0185, 0.0158, 0.0154, 0.0219, 0.0217, 0.023, 0.0221, 0.0186, 0.0167, 0.0191, 0.0164, 0.0183, 0.0212, 0.0214, 0.015, 0.0157, 0.02, 0.0246, 0.0226, 0.023, 0.0174, 0.0189, 0.0166, 0.0192};
static double[] nonDealProbabilities = {0.0199, 0.0202, 0.0168, 0.0133, 0.0017, 0.0169, 0.0179, 0.0212, 0.0191, 0.0227, 0.0175, 0.0244, 0.0301, 0.0193, 0.0216, 0.0159, 0.0151, 0.0012, 0.0143, 0.0209, 0.0227, 0.0203, 0.0269, 0.0163, 0.0226, 0.0309, 0.0224, 0.0227, 0.0163, 0.0173, 0.0015, 0.0165, 0.0197, 0.0198, 0.0212, 0.0277, 0.0164, 0.0248, 0.0327, 0.0203, 0.0203, 0.0177, 0.0146, 0.0014, 0.0166, 0.0189, 0.0177, 0.0225, 0.027, 0.0171, 0.0216, 0.0356};
